Point3D: [-0.5268311157226563, -0.33678421020507815, 0.44895710584852433]
Point3D: [-0.5354495239257813, -0.3411849060058594, 0.44895710584852433]
Point3D: [-0.5429874877929688, -0.35194821166992185, 0.44895710584852433]
Point3D: [-0.5456519165039062, -0.3583517150878906, 0.44895710584852433]
Point3D: [-0.5558966064453125, -0.4118817138671875, 0.44895710584852433]
Point3D: [-0.5547901000976563, -0.4208970947265625, 0.44895710584852433]
Point3D: [-0.5523814086914063, -0.431831787109375, 0.44895710584852433]
Point3D: [-0.54845458984375, -0.4380675048828125, 0.44895710584852433]
Point3D: [-0.543478271484375, -0.44351849365234375, 0.44895710584852433]
Point3D: [-0.5387916259765625, -0.44699050903320314, 0.44895710584852433]
Point3D: [-0.5327277221679687, -0.4511383972167969, 0.44895710584852433]
Point3D: [-0.528389404296875, -0.4534826049804688, 0.44895710584852433]
Point3D: [-0.523892578125, -0.4556205139160156, 0.44895710584852433]
Point3D: [-0.4628594970703125, -0.4817019958496094, 0.44895710584852433]
Point3D: [-0.4197182006835937, -0.49059170532226565, 0.44895710584852433]
Point3D: [-0.4072258911132812, -0.492669189453125, 0.44895710584852433]
Point3D: [-0.39459478759765626, -0.4938609008789063, 0.44895710584852433]
Point3D: [-0.38390960693359377, -0.494568603515625, 0.44895710584852433]
Point3D: [-0.3722589111328125, -0.4946005859375, 0.44895710584852433]
Point3D: [-0.360647705078125, -0.49353759765625, 0.44895710584852433]
Point3D: [-0.3540591125488281, -0.49246218872070313, 0.44895710584852433]
Point3D: [-0.34753570556640623, -0.4910741882324219, 0.44895710584852433]
Point3D: [-0.22399929809570313, -0.46332778930664065, 0.44895710584852433]
Point3D: [-0.22273770141601562, -0.46255389404296876, 0.44895710584852433]
Point3D: [-0.21750790405273437, -0.45914111328125, 0.44895710584852433]
Point3D: [-0.21426809692382812, -0.4562909851074219, 0.44895710584852433]
Point3D: [-0.21527389526367188, -0.4526507873535156, 0.44895710584852433]
Point3D: [-0.21610369873046875, -0.4500474853515625, 0.44895710584852433]
Point3D: [-0.21691920471191406, -0.447577392578125, 0.44895710584852433]
Point3D: [-0.21751730346679687, -0.4463346862792969, 0.44895710584852433]
Point3D: [-0.218460205078125, -0.4452441101074219, 0.44895710584852433]
Point3D: [-0.5189561157226562, -0.33894891357421875, 0.44895710584852433]
Point3D: [-0.5228344116210938, -0.3377157897949219, 0.44895710584852433]
