Point3D: [-0.3888247985839844, -0.43719049072265626, 0.5092484079996744]
Point3D: [-0.3965710144042969, -0.437202392578125, 0.5092484079996744]
Point3D: [-0.41918109130859377, -0.43747021484375, 0.5092484079996744]
Point3D: [-0.4192127990722656, -0.44862008666992187, 0.5092484079996744]
Point3D: [-0.4155188903808594, -0.4788276062011719, 0.5092484079996744]
Point3D: [-0.413130615234375, -0.47883810424804685, 0.5092484079996744]
Point3D: [-0.4122532043457031, -0.47884100341796876, 0.5092484079996744]
Point3D: [-0.4106119079589844, -0.4788460083007812, 0.5092484079996744]
Point3D: [-0.408456787109375, -0.478852294921875, 0.5092484079996744]
Point3D: [-0.3270098876953125, -0.47908309936523436, 0.5092484079996744]
Point3D: [-0.18856179809570311, -0.47478271484375, 0.5092484079996744]
Point3D: [-0.18802830505371093, -0.47472088623046876, 0.5092484079996744]
Point3D: [-0.18574530029296876, -0.47419891357421873, 0.5092484079996744]
Point3D: [-0.1839293975830078, -0.4729540100097656, 0.5092484079996744]
Point3D: [-0.18271549987792968, -0.47109759521484373, 0.5092484079996744]
Point3D: [-0.1822884979248047, -0.4688629150390625, 0.5092484079996744]
Point3D: [-0.18222129821777344, -0.44926251220703123, 0.5092484079996744]
Point3D: [-0.18262899780273437, -0.4470963134765625, 0.5092484079996744]
Point3D: [-0.18382730102539063, -0.44523580932617185, 0.5092484079996744]
Point3D: [-0.18563299560546875, -0.4439827880859375, 0.5092484079996744]
Point3D: [-0.18774330139160156, -0.4435385131835938, 0.5092484079996744]
Point3D: [-0.18793490600585938, -0.4435209045410156, 0.5092484079996744]
