vm.Point3D(-0.02785286331176758, 0.14365164184570312, 0.16285931396484374),
vm.Point3D(-0.039570194244384765, 0.14255133056640626, 0.16285931396484374),
vm.Point3D(-0.04901511764526367, 0.14049978637695312, 0.16285931396484374),
vm.Point3D(-0.05265781402587891, 0.138816650390625, 0.16285931396484374),
vm.Point3D(-0.05629143524169922, 0.1368720245361328, 0.16285931396484374),
vm.Point3D(-0.06060961151123047, 0.1323123321533203, 0.16285931396484374),
vm.Point3D(-0.06237499237060547, 0.12723016357421876, 0.16285931396484374),
vm.Point3D(-0.06580715942382813, 0.11276873016357422, 0.16285931396484374),
vm.Point3D(-0.06730508422851562, 0.09772169494628906, 0.16285931396484374),
vm.Point3D(-0.06716297912597656, 0.09380774688720703, 0.16285931396484374),
vm.Point3D(-0.06691159057617188, 0.08986341857910156, 0.16285931396484374),
vm.Point3D(-0.06653813171386719, 0.08590738677978516, 0.16285931396484374),
vm.Point3D(-0.06329383087158204, 0.07401349639892578, 0.16285931396484374),
vm.Point3D(-0.05981048965454101, 0.06631576538085937, 0.16285931396484374),
vm.Point3D(-0.01858608627319336, -0.0005872868895530701, 0.16285931396484374),
vm.Point3D(0.004057138919830322, -0.026433467864990234, 0.16285931396484374),
vm.Point3D(0.004993902683258057, -0.027147762298583983, 0.16285931396484374),
vm.Point3D(0.0060211563110351566, -0.02774390983581543, 0.16285931396484374),
vm.Point3D(0.007130794048309326, -0.02821550941467285, 0.16285931396484374),
vm.Point3D(0.008299141883850098, -0.028550893783569335, 0.16285931396484374),
vm.Point3D(0.009508121490478515, -0.02874489402770996, 0.16285931396484374),
vm.Point3D(0.01073911190032959, -0.02879453659057617, 0.16285931396484374),
vm.Point3D(0.011898954391479493, -0.02870889663696289, 0.16285931396484374),
vm.Point3D(0.01304564380645752, -0.028496240615844725, 0.16285931396484374),
vm.Point3D(0.037929359436035155, -0.023318639755249025, 0.16285931396484374),
vm.Point3D(0.04026692581176758, -0.022659902572631837, 0.16285931396484374),
vm.Point3D(0.0423753433227539, -0.02173179054260254, 0.16285931396484374),
vm.Point3D(0.043635421752929685, -0.021140312194824217, 0.16285931396484374),
vm.Point3D(0.045726459503173826, -0.019112783432006834, 0.16285931396484374),
vm.Point3D(0.046045814514160156, -0.018350631713867187, 0.16285931396484374),
vm.Point3D(0.046317790985107424, -0.017561525344848634, 0.16285931396484374),
vm.Point3D(0.04654034042358399, -0.01675141906738281, 0.16285931396484374),
vm.Point3D(0.046711788177490235, -0.015926435470581056, 0.16285931396484374),
vm.Point3D(0.053979331970214844, 0.020638671875, 0.16285931396484374),
vm.Point3D(0.053991470336914066, 0.020810815811157228, 0.16285931396484374),
vm.Point3D(0.053973892211914065, 0.020982486724853516, 0.16285931396484374),
vm.Point3D(0.05395987319946289, 0.021073774337768556, 0.16285931396484374),
vm.Point3D(0.05268712615966797, 0.025928991317749023, 0.16285931396484374),
vm.Point3D(0.05260356140136719, 0.026217063903808593, 0.16285931396484374),
vm.Point3D(0.0053228259086608885, 0.1313191223144531, 0.16285931396484374),
vm.Point3D(0.00030017581582069395, 0.13677394104003907, 0.16285931396484374),
vm.Point3D(-0.0014313015937805177, 0.1385874481201172, 0.16285931396484374),
vm.Point3D(-0.003362513303756714, 0.14024832153320313, 0.16285931396484374),
vm.Point3D(-0.013057180404663086, 0.14319378662109375, 0.16285931396484374)
