vm.Point3D(-0.010337559700012208, 0.2539773406982422, 0.35737594265407985)
vm.Point3D(-0.06056604766845703, 0.1809791259765625, 0.35737594265407985)
vm.Point3D(-0.06264878845214844, 0.17779869079589844, 0.35737594265407985)
vm.Point3D(-0.06454641723632812, 0.17449867248535156, 0.35737594265407985)
vm.Point3D(-0.06625284576416016, 0.1710896759033203, 0.35737594265407985)
vm.Point3D(-0.06776260375976563, 0.1675826416015625, 0.35737594265407985)
vm.Point3D(-0.03099472999572754, -0.016465999603271483, 0.35737594265407985)
vm.Point3D(0.00011939946562051773, -0.028929946899414062, 0.35737594265407985)
vm.Point3D(0.008953878402709961, -0.031650068283081055, 0.35737594265407985)
vm.Point3D(0.01601616096496582, -0.032472736358642576, 0.35737594265407985)
vm.Point3D(0.016151466369628907, -0.032484115600585936, 0.35737594265407985)
vm.Point3D(0.01800291633605957, -0.032633598327636716, 0.35737594265407985)
vm.Point3D(0.02400084686279297, -0.03239154052734375, 0.35737594265407985)
vm.Point3D(0.024132179260253905, -0.0323820915222168, 0.35737594265407985)
vm.Point3D(0.028423372268676757, -0.03200579071044922, 0.35737594265407985)
vm.Point3D(0.028536632537841798, -0.031995704650878906, 0.35737594265407985)
vm.Point3D(0.03223592758178711, -0.031598533630371094, 0.35737594265407985)
vm.Point3D(0.032329875946044924, -0.03158794021606445, 0.35737594265407985)
vm.Point3D(0.034135391235351566, -0.031380403518676755, 0.35737594265407985)
vm.Point3D(0.03728248596191406, -0.03095427703857422, 0.35737594265407985)
vm.Point3D(0.03735775375366211, -0.03094300651550293, 0.35737594265407985)
vm.Point3D(0.03915735626220703, -0.030536428451538086, 0.35737594265407985)
vm.Point3D(0.06156253433227539, -0.023823749542236327, 0.35737594265407985)
vm.Point3D(0.06355305862426758, -0.020320634841918945, 0.35737594265407985)
vm.Point3D(0.06498668670654296, -0.01654608726501465, 0.35737594265407985)
vm.Point3D(0.07735415649414062, 0.02623099136352539, 0.35737594265407985)
vm.Point3D(0.0775024642944336, 0.02699221420288086, 0.35737594265407985)
vm.Point3D(0.07751750183105469, 0.027767602920532226, 0.35737594265407985)
vm.Point3D(0.06415316772460937, 0.14600100708007813, 0.35737594265407985)
vm.Point3D(0.06364022827148437, 0.1503155975341797, 0.35737594265407985)
vm.Point3D(0.06283378601074219, 0.15463925170898438, 0.35737594265407985)
vm.Point3D(0.04887517929077148, 0.21696682739257814, 0.35737594265407985)
vm.Point3D(0.0481314697265625, 0.2197353515625, 0.35737594265407985)
vm.Point3D(0.04688597869873047, 0.22230909729003906, 0.35737594265407985)
vm.Point3D(0.04601916885375976, 0.22409060668945313, 0.35737594265407985)
vm.Point3D(0.04540784454345703, 0.22516009521484376, 0.35737594265407985)
vm.Point3D(0.04490259552001953, 0.22586524963378907, 0.35737594265407985)
vm.Point3D(0.04400514984130859, 0.22701016235351562, 0.35737594265407985)
vm.Point3D(0.04322865676879883, 0.227889892578125, 0.35737594265407985)
vm.Point3D(0.04302326965332031, 0.22811015319824218, 0.35737594265407985)
vm.Point3D(0.04264113235473633, 0.22851724243164062, 0.35737594265407985)
vm.Point3D(0.03153894805908203, 0.2401744384765625, 0.35737594265407985)
vm.Point3D(0.03085706901550293, 0.24083074951171876, 0.35737594265407985)
vm.Point3D(0.030291120529174806, 0.2413599853515625, 0.35737594265407985)
vm.Point3D(0.029771217346191405, 0.24174554443359375, 0.35737594265407985)
vm.Point3D(0.0289350643157959, 0.24235107421875, 0.35737594265407985)
vm.Point3D(0.017219924926757814, 0.2500207977294922, 0.35737594265407985)
vm.Point3D(0.013010541915893554, 0.25225938415527344, 0.35737594265407985)
vm.Point3D(0.011754136085510253, 0.25260917663574217, 0.35737594265407985)
vm.Point3D(0.010459518432617188, 0.2528188171386719, 0.35737594265407985)
vm.Point3D(0.006894575595855713, 0.2533437805175781, 0.35737594265407985)
