vm.Point3D(-0.013217350006103516, 0.23776652526855468, 0.4060050998263889)
vm.Point3D(-0.10356132507324219, 0.203, 0.4060050998263889)
vm.Point3D(-0.10356132507324219, 0.103, 0.4060050998263889)
vm.Point3D(-0.08557473754882812, -0.030014928817749024, 0.4060050998263889)
vm.Point3D(-0.0852157211303711, -0.0323322982788086, 0.4060050998263889)
vm.Point3D(-0.08362799835205079, -0.04227001953125, 0.4060050998263889)
vm.Point3D(-0.08318868255615235, -0.044697498321533205, 0.4060050998263889)
vm.Point3D(-0.08317271423339843, -0.04477408218383789, 0.4060050998263889)
vm.Point3D(-0.08201930999755859, -0.04983098220825195, 0.4060050998263889)
vm.Point3D(-0.08182829284667968, -0.05040631866455078, 0.4060050998263889)
vm.Point3D(-0.08162610626220704, -0.05073894500732422, 0.4060050998263889)
vm.Point3D(-0.08133731079101562, -0.051135498046875, 0.4060050998263889)
vm.Point3D(-0.08112034606933594, -0.051219390869140624, 0.4060050998263889)
vm.Point3D(-0.07369345092773437, -0.05123001480102539, 0.4060050998263889)
vm.Point3D(0.028710474014282228, -0.03126677894592285, 0.4060050998263889)
vm.Point3D(0.030405200958251954, -0.030437047958374024, 0.4060050998263889)
vm.Point3D(0.04058710479736328, -0.023716938018798827, 0.4060050998263889)
vm.Point3D(0.04204640197753906, -0.022171638488769532, 0.4060050998263889)
vm.Point3D(0.043107898712158206, -0.020408784866333008, 0.4060050998263889)
vm.Point3D(0.04392776870727539, -0.018527910232543944, 0.4060050998263889)
vm.Point3D(0.04445206069946289, -0.016605672836303712, 0.4060050998263889)
vm.Point3D(0.044755512237548825, -0.014668251037597656, 0.4060050998263889)
vm.Point3D(0.044921459197998045, -0.012702741622924806, 0.4060050998263889)
vm.Point3D(0.04754342269897461, 0.10069173431396485, 0.4060050998263889)
vm.Point3D(0.040554115295410156, 0.20180389404296875, 0.4060050998263889)
vm.Point3D(0.04034128189086914, 0.20320819091796874, 0.4060050998263889)
vm.Point3D(0.040192230224609375, 0.20388650512695314, 0.4060050998263889)
vm.Point3D(0.039566326141357425, 0.20588699340820313, 0.4060050998263889)
vm.Point3D(0.03494860458374023, 0.21929313659667968, 0.4060050998263889)
vm.Point3D(0.03460895919799805, 0.22026101684570312, 0.4060050998263889)
vm.Point3D(0.03441640090942383, 0.22077450561523437, 0.4060050998263889)
vm.Point3D(0.034212154388427736, 0.22129994201660155, 0.4060050998263889)
vm.Point3D(0.03330986404418945, 0.2234527587890625, 0.4060050998263889)
vm.Point3D(0.02900913429260254, 0.2334222106933594, 0.4060050998263889)
vm.Point3D(0.028679754257202147, 0.2338262939453125, 0.4060050998263889)
vm.Point3D(0.02543634033203125, 0.2358076171875, 0.4060050998263889)
vm.Point3D(0.024662160873413087, 0.23622085571289062, 0.4060050998263889)
vm.Point3D(0.023807098388671875, 0.23659071350097657, 0.4060050998263889)
vm.Point3D(0.023108455657958986, 0.23683187866210936, 0.4060050998263889)
vm.Point3D(0.022096643447875975, 0.2370916748046875, 0.4060050998263889)
vm.Point3D(0.02151949119567871, 0.23719499206542968, 0.4060050998263889)
vm.Point3D(0.02037856864929199, 0.2373074188232422, 0.4060050998263889)
vm.Point3D(0.02002399444580078, 0.2373179931640625, 0.4060050998263889)
