vm.Point3D(-0.010604868888854981, 0.25544769287109376, 0.3087467854817708)
vm.Point3D(-0.03124400520324707, -0.05455257415771484, 0.3087467854817708)
vm.Point3D(-0.03130274772644043, -0.05558409118652344, 0.3087467854817708)
vm.Point3D(-0.031189207077026368, -0.056608932495117184, 0.3087467854817708)
vm.Point3D(-0.0309064884185791, -0.05760097122192383, 0.3087467854817708)
vm.Point3D(-0.03046185874938965, -0.05853323364257813, 0.3087467854817708)
vm.Point3D(-0.03041231346130371, -0.05862467575073242, 0.3087467854817708)
vm.Point3D(-0.027614965438842773, -0.06287195587158204, 0.3087467854817708)
vm.Point3D(-0.026767383575439452, -0.06399352264404297, 0.3087467854817708)
vm.Point3D(-0.025745052337646485, -0.06492023468017578, 0.3087467854817708)
vm.Point3D(-0.02460012626647949, -0.06561465454101563, 0.3087467854817708)
vm.Point3D(-0.02459031105041504, -0.06561975860595703, 0.3087467854817708)
vm.Point3D(-0.02404205131530762, -0.06585366821289063, 0.3087467854817708)
vm.Point3D(-0.02292808723449707, -0.06627790069580078, 0.3087467854817708)
vm.Point3D(-0.02278839874267578, -0.06631626892089844, 0.3087467854817708)
vm.Point3D(-0.012440189361572266, -0.06895392608642578, 0.3087467854817708)
vm.Point3D(-0.012259869575500489, -0.06899011993408204, 0.3087467854817708)
vm.Point3D(-0.011183531761169433, -0.06917070007324219, 0.3087467854817708)
vm.Point3D(-0.010918049812316895, -0.06917656707763672, 0.3087467854817708)
vm.Point3D(-0.010076598167419433, -0.06914939880371093, 0.3087467854817708)
vm.Point3D(-0.009998991966247558, -0.06914490509033203, 0.3087467854817708)
vm.Point3D(-0.009753141403198242, -0.06911286926269532, 0.3087467854817708)
vm.Point3D(-0.00829634952545166, -0.06890043640136718, 0.3087467854817708)
vm.Point3D(-0.0072723708152770995, -0.06864768218994141, 0.3087467854817708)
vm.Point3D(0.038089847564697264, -0.05439760971069336, 0.3087467854817708)
vm.Point3D(0.039809425354003905, -0.053730983734130856, 0.3087467854817708)
vm.Point3D(0.03985519027709961, -0.05371197891235351, 0.3087467854817708)
vm.Point3D(0.0407705078125, -0.05333186721801758, 0.3087467854817708)
vm.Point3D(0.04092917251586914, -0.05326324462890625, 0.3087467854817708)
vm.Point3D(0.04226494598388672, -0.0526662483215332, 0.3087467854817708)
vm.Point3D(0.042336688995361325, -0.05262675476074219, 0.3087467854817708)
vm.Point3D(0.04363461685180664, -0.05177023696899414, 0.3087467854817708)
vm.Point3D(0.07080381774902343, -0.032085441589355466, 0.3087467854817708)
vm.Point3D(0.07109381103515625, -0.03184650230407715, 0.3087467854817708)
vm.Point3D(0.07119570922851562, -0.03174713706970215, 0.3087467854817708)
vm.Point3D(0.07142466735839843, -0.03148546600341797, 0.3087467854817708)
vm.Point3D(0.07152546691894532, -0.03134865951538086, 0.3087467854817708)
vm.Point3D(0.07169377136230469, -0.0310775203704834, 0.3087467854817708)
vm.Point3D(0.07544326782226562, -0.023758499145507813, 0.3087467854817708)
vm.Point3D(0.07592865753173828, -0.022711578369140624, 0.3087467854817708)
vm.Point3D(0.07603355407714844, -0.02242930030822754, 0.3087467854817708)
vm.Point3D(0.07628166961669922, -0.02160985565185547, 0.3087467854817708)
vm.Point3D(0.08193292236328124, 0.0007950757145881652, 0.3087467854817708)
vm.Point3D(0.08195355987548827, 0.0008994390368461609, 0.3087467854817708)
vm.Point3D(0.08201879119873047, 0.0014486271142959595, 0.3087467854817708)
vm.Point3D(0.0847984390258789, 0.025660154342651367, 0.3087467854817708)
vm.Point3D(0.08456723022460938, 0.02781087112426758, 0.3087467854817708)
vm.Point3D(0.06200638580322266, 0.1962295379638672, 0.3087467854817708)
vm.Point3D(0.04999650192260742, 0.22541395568847655, 0.3087467854817708)
vm.Point3D(0.04957948303222656, 0.2264048614501953, 0.3087467854817708)
vm.Point3D(0.04919685363769531, 0.2271392822265625, 0.3087467854817708)
vm.Point3D(0.04901335144042969, 0.2274542236328125, 0.3087467854817708)
vm.Point3D(0.04851024627685547, 0.22820054626464845, 0.3087467854817708)
vm.Point3D(0.048066974639892575, 0.22883103942871094, 0.3087467854817708)
vm.Point3D(0.047599201202392576, 0.2294507598876953, 0.3087467854817708)
vm.Point3D(0.04647229385375977, 0.23070252990722656, 0.3087467854817708)
vm.Point3D(0.04495684432983398, 0.23210064697265625, 0.3087467854817708)
vm.Point3D(0.043595314025878906, 0.23318142700195313, 0.3087467854817708)
vm.Point3D(0.02427046012878418, 0.24751808166503905, 0.3087467854817708)
vm.Point3D(0.023547840118408204, 0.2479903106689453, 0.3087467854817708)
vm.Point3D(0.022732593536376952, 0.24846820068359374, 0.3087467854817708)
vm.Point3D(0.02045680236816406, 0.24974369812011718, 0.3087467854817708)
vm.Point3D(0.018347965240478516, 0.2508174591064453, 0.3087467854817708)
vm.Point3D(0.016428760528564453, 0.2516969757080078, 0.3087467854817708)
vm.Point3D(0.014683937072753906, 0.25240689086914064, 0.3087467854817708)
vm.Point3D(0.013209285736083985, 0.25295291137695314, 0.3087467854817708)
vm.Point3D(0.011449973106384277, 0.25353517150878907, 0.3087467854817708)
vm.Point3D(0.00789752197265625, 0.25469747924804687, 0.3087467854817708)
vm.Point3D(0.006583809375762939, 0.2550425567626953, 0.3087467854817708)
vm.Point3D(0.0052326183319091795, 0.2552791137695313, 0.3087467854817708)
vm.Point3D(0.002556457042694092, 0.2554306640625, 0.3087467854817708)
vm.Point3D(-7.359097152948379e-05, 0.25544367980957033, 0.3087467854817708)
