vm.Point3D(-0.032552875518798825, 0.18903926086425782, 0.21148847113715277),
vm.Point3D(-0.03902994537353516, 0.18896835327148437, 0.21148847113715277),
vm.Point3D(-0.045451812744140625, 0.1882697296142578, 0.21148847113715277),
vm.Point3D(-0.05175935745239258, 0.1869498291015625, 0.21148847113715277),
vm.Point3D(-0.05789449310302734, 0.1850208282470703, 0.21148847113715277),
vm.Point3D(-0.06380073547363281, 0.18250044250488281, 0.21148847113715277),
vm.Point3D(-0.0719752426147461, 0.1776184539794922, 0.21148847113715277),
vm.Point3D(-0.07209098815917969, 0.1775470428466797, 0.21148847113715277),
vm.Point3D(-0.07238782501220703, 0.1773623504638672, 0.21148847113715277),
vm.Point3D(-0.07606041717529297, 0.1748844451904297, 0.21148847113715277),
vm.Point3D(-0.07725887298583985, 0.17399330139160157, 0.21148847113715277),
vm.Point3D(-0.07953073883056641, 0.17218084716796875, 0.21148847113715277),
vm.Point3D(-0.08017269134521485, 0.1716375732421875, 0.21148847113715277),
vm.Point3D(-0.08216158294677735, 0.16985983276367186, 0.21148847113715277),
vm.Point3D(-0.0828564682006836, 0.16920291137695312, 0.21148847113715277),
vm.Point3D(-0.08401498413085938, 0.16806324768066405, 0.21148847113715277),
vm.Point3D(-0.08599291229248048, 0.16597808837890626, 0.21148847113715277),
vm.Point3D(-0.08663853454589844, 0.1652559356689453, 0.21148847113715277),
vm.Point3D(-0.08756526947021484, 0.16418037414550782, 0.21148847113715277),
vm.Point3D(-0.0890186538696289, 0.16245500183105469, 0.21148847113715277),
vm.Point3D(-0.09172274780273437, 0.1587900390625, 0.21148847113715277),
vm.Point3D(-0.09418171691894531, 0.154925537109375, 0.21148847113715277),
vm.Point3D(-0.09641954040527344, 0.1508263854980469, 0.21148847113715277),
vm.Point3D(-0.09834632873535157, 0.14665037536621095, 0.21148847113715277),
vm.Point3D(-0.09998783874511719, 0.14234471130371093, 0.21148847113715277),
vm.Point3D(-0.1013353042602539, 0.1379343566894531, 0.21148847113715277),
vm.Point3D(-0.10238275909423829, 0.1334447784423828, 0.21148847113715277),
vm.Point3D(-0.10312690734863281, 0.1289015655517578, 0.21148847113715277),
vm.Point3D(-0.10356690216064453, 0.12442110443115234, 0.21148847113715277),
vm.Point3D(-0.10372638702392578, 0.11988057708740234, 0.21148847113715277),
vm.Point3D(-0.10359210968017578, 0.11535820007324218, 0.21148847113715277),
vm.Point3D(-0.10305767822265625, 0.11002735900878906, 0.21148847113715277),
vm.Point3D(-0.10212653350830078, 0.10477787017822265, 0.21148847113715277),
vm.Point3D(-0.10080961608886718, 0.09963277435302734, 0.21148847113715277),
vm.Point3D(-0.10000993347167969, 0.09710636138916015, 0.21148847113715277),
vm.Point3D(-0.09911802673339844, 0.09461454010009765, 0.21148847113715277),
vm.Point3D(-0.09813543701171876, 0.09216036987304688, 0.21148847113715277),
vm.Point3D(-0.03370913696289062, -0.058159008026123046, 0.21148847113715277),
vm.Point3D(-0.032856101989746096, -0.05874211883544922, 0.21148847113715277),
vm.Point3D(-0.0319820327758789, -0.05931711578369141, 0.21148847113715277),
vm.Point3D(-0.031112964630126954, -0.05986687088012695, 0.21148847113715277),
vm.Point3D(-0.0296524658203125, -0.0595878791809082, 0.21148847113715277),
vm.Point3D(-0.02444703483581543, -0.05800255584716797, 0.21148847113715277),
vm.Point3D(0.057712776184082035, -0.030171194076538087, 0.21148847113715277),
vm.Point3D(0.08078765106201172, -0.022217842102050783, 0.21148847113715277),
vm.Point3D(0.08118883514404297, -0.022066390991210938, 0.21148847113715277),
vm.Point3D(0.08125575256347656, -0.02203432846069336, 0.21148847113715277),
vm.Point3D(0.08161629486083985, -0.021821744918823244, 0.21148847113715277),
vm.Point3D(0.08168018341064454, -0.02177606773376465, 0.21148847113715277),
vm.Point3D(0.08199049377441406, -0.021510107040405273, 0.21148847113715277),
vm.Point3D(0.08204832458496093, -0.021450748443603517, 0.21148847113715277),
vm.Point3D(0.0823005142211914, -0.021140567779541014, 0.21148847113715277),
vm.Point3D(0.08234918975830079, -0.02106806182861328, 0.21148847113715277),
vm.Point3D(0.08253732299804688, -0.020723901748657226, 0.21148847113715277),
vm.Point3D(0.08255496215820313, -0.020684097290039064, 0.21148847113715277),
vm.Point3D(0.08257383728027344, -0.020639404296875, 0.21148847113715277),
vm.Point3D(0.08259023284912109, -0.020598588943481447, 0.21148847113715277),
vm.Point3D(0.08260577392578125, -0.020557939529418947, 0.21148847113715277),
vm.Point3D(0.08273110198974609, -0.020096532821655272, 0.21148847113715277),
vm.Point3D(0.09306076049804687, 0.023186473846435546, 0.21148847113715277),
vm.Point3D(0.09339018249511719, 0.07300833129882812, 0.21148847113715277),
vm.Point3D(0.018647174835205078, 0.1631864013671875, 0.21148847113715277),
vm.Point3D(0.014239314079284669, 0.16812294006347656, 0.21148847113715277),
vm.Point3D(0.009396167755126953, 0.17262370300292967, 0.21148847113715277),
vm.Point3D(0.004162330150604248, 0.17664724731445314, 0.21148847113715277),
vm.Point3D(-0.0014140068292617799, 0.18015653991699218, 0.21148847113715277),
vm.Point3D(-0.007281498908996582, 0.1831192626953125, 0.21148847113715277),
vm.Point3D(-0.013386120796203613, 0.1855081329345703, 0.21148847113715277),
vm.Point3D(-0.019671663284301758, 0.1873011474609375, 0.21148847113715277),
vm.Point3D(-0.026080251693725586, 0.18848182678222655, 0.21148847113715277)
