vm.Point3D(-0.03847391891479492, 0.06624842071533203, 0.600521728515625)
vm.Point3D(-0.03996806716918945, 0.06616548919677734, 0.600521728515625)
vm.Point3D(-0.04103326034545898, 0.06608963012695312, 0.600521728515625)
vm.Point3D(-0.04249287796020508, 0.06589056396484375, 0.600521728515625)
vm.Point3D(-0.04377074813842773, 0.06558521270751953, 0.600521728515625)
vm.Point3D(-0.044991504669189455, 0.06521775817871094, 0.600521728515625)
vm.Point3D(-0.04614480209350586, 0.06478199005126953, 0.600521728515625)
vm.Point3D(-0.04733908462524414, 0.06414783477783204, 0.600521728515625)
vm.Point3D(-0.04831371307373047, 0.06357901382446289, 0.600521728515625)
vm.Point3D(-0.04941535568237305, 0.06269953918457032, 0.600521728515625)
vm.Point3D(-0.05016345596313477, 0.06200152587890625, 0.600521728515625)
vm.Point3D(-0.05111322021484375, 0.06090985870361328, 0.600521728515625)
vm.Point3D(-0.05190443420410156, 0.059634971618652347, 0.600521728515625)
vm.Point3D(-0.0523463134765625, 0.05883306503295899, 0.600521728515625)
vm.Point3D(-0.05259823226928711, 0.058253738403320314, 0.600521728515625)
vm.Point3D(-0.05286164093017578, 0.05746305084228515, 0.600521728515625)
vm.Point3D(-0.05302312850952148, 0.056767574310302736, 0.600521728515625)
vm.Point3D(-0.05312837600708008, 0.05602040481567383, 0.600521728515625)
vm.Point3D(-0.053166210174560545, 0.05522162628173828, 0.600521728515625)
vm.Point3D(-0.05313924789428711, 0.054544471740722654, 0.600521728515625)
vm.Point3D(-0.04571001052856445, -0.030662296295166015, 0.600521728515625)
vm.Point3D(-0.040717769622802734, -0.031170095443725586, 0.600521728515625)
vm.Point3D(-0.040224777221679685, -0.031206693649291992, 0.600521728515625)
vm.Point3D(-0.03965366744995117, -0.031234310150146483, 0.600521728515625)
vm.Point3D(-0.03902179718017578, -0.03125210762023926, 0.600521728515625)
vm.Point3D(-0.03834835815429687, -0.031259544372558595, 0.600521728515625)
vm.Point3D(-0.03765381622314453, -0.03125639724731445, 0.600521728515625)
vm.Point3D(-0.03699548721313477, -0.031243732452392578, 0.600521728515625)
vm.Point3D(-0.036355113983154295, -0.031221994400024412, 0.600521728515625)
vm.Point3D(-0.035750167846679684, -0.0311917781829834, 0.600521728515625)
vm.Point3D(-0.035197147369384764, -0.031153905868530275, 0.600521728515625)
vm.Point3D(-0.02880592727661133, -0.030662296295166015, 0.600521728515625)
vm.Point3D(0.0019822953939437867, 0.03687616729736328, 0.600521728515625)
vm.Point3D(0.002145670652389526, 0.03725144195556641, 0.600521728515625)
vm.Point3D(0.0023780617713928223, 0.037874267578125, 0.600521728515625)
vm.Point3D(0.002672407865524292, 0.03872571563720703, 0.600521728515625)
vm.Point3D(0.003019765377044678, 0.03977991867065429, 0.600521728515625)
vm.Point3D(0.0034095797538757325, 0.04100484085083008, 0.600521728515625)
vm.Point3D(0.0038300065994262694, 0.04236326599121094, 0.600521728515625)
vm.Point3D(0.004268271923065186, 0.04381391525268555, 0.600521728515625)
vm.Point3D(0.004711059093475342, 0.04531272125244141, 0.600521728515625)
vm.Point3D(0.005144914150238037, 0.04681413269042969, 0.600521728515625)
vm.Point3D(0.005556654453277588, 0.04827253723144531, 0.600521728515625)
vm.Point3D(0.005933769702911377, 0.04964361572265625, 0.600521728515625)
vm.Point3D(0.006264801502227783, 0.05088571548461914, 0.600521728515625)
vm.Point3D(0.00653969144821167, 0.05196109008789063, 0.600521728515625)
vm.Point3D(0.0067500872611999515, 0.05283707046508789, 0.600521728515625)
vm.Point3D(0.006889595985412598, 0.05348703384399414, 0.600521728515625)
vm.Point3D(0.0069539790153503415, 0.0538912353515625, 0.600521728515625)
vm.Point3D(0.006941280364990234, 0.05403739547729492, 0.600521728515625)
vm.Point3D(0.006640841960906982, 0.054752979278564456, 0.600521728515625)
vm.Point3D(0.0033988120555877685, 0.05648667907714844, 0.600521728515625)
vm.Point3D(0.003211960554122925, 0.05657450103759765, 0.600521728515625)
vm.Point3D(0.003017045021057129, 0.0566425666809082, 0.600521728515625)
vm.Point3D(-0.021896921157836913, 0.06402643585205078, 0.600521728515625)
vm.Point3D(-0.022123441696166993, 0.0640739974975586, 0.600521728515625)
vm.Point3D(-0.03332351684570312, 0.06588896179199219, 0.600521728515625)
vm.Point3D(-0.03512775039672852, 0.06610916137695312, 0.600521728515625)
vm.Point3D(-0.036852760314941405, 0.06622955322265625, 0.600521728515625)
