vm.Point3D(-0.011512272834777832, 0.23403472900390626, 0.45463425699869786)
vm.Point3D(-0.03077821922302246, 0.2310986633300781, 0.45463425699869786)
vm.Point3D(-0.08233112335205078, 0.203, 0.45463425699869786)
vm.Point3D(-0.08725215911865235, 0.19043856811523438, 0.45463425699869786)
vm.Point3D(-0.09251079559326172, 0.15651051330566407, 0.45463425699869786)
vm.Point3D(-0.09253170013427735, 0.15633479309082032, 0.45463425699869786)
vm.Point3D(-0.09255121612548828, 0.1560577392578125, 0.45463425699869786)
vm.Point3D(-0.09256875610351563, 0.1556877899169922, 0.45463425699869786)
vm.Point3D(-0.09258379364013672, 0.1552361755371094, 0.45463425699869786)
vm.Point3D(-0.09259586334228516, 0.15471661376953125, 0.45463425699869786)
vm.Point3D(-0.09260459899902344, 0.15414488220214845, 0.45463425699869786)
vm.Point3D(-0.0926097412109375, 0.15353837585449218, 0.45463425699869786)
vm.Point3D(-0.09261112213134766, 0.15291551208496093, 0.45463425699869786)
vm.Point3D(-0.09260871124267578, 0.15229521179199218, 0.45463425699869786)
vm.Point3D(-0.09260258483886719, 0.15169631958007812, 0.45463425699869786)
vm.Point3D(-0.09259291076660156, 0.15113705444335937, 0.45463425699869786)
vm.Point3D(-0.09258000183105469, 0.15063438415527344, 0.45463425699869786)
vm.Point3D(-0.09256423950195312, 0.15020358276367188, 0.45463425699869786)
vm.Point3D(-0.09254610443115234, 0.14985777282714843, 0.45463425699869786)
vm.Point3D(-0.08024741363525391, -0.04357291030883789, 0.45463425699869786)
vm.Point3D(-0.07995290374755859, -0.04515132141113281, 0.45463425699869786)
vm.Point3D(0.034438331604003905, 0.17120187377929688, 0.45463425699869786)
vm.Point3D(0.03811129379272461, 0.19251608276367188, 0.45463425699869786)
vm.Point3D(0.03812942123413086, 0.19339324951171874, 0.45463425699869786)
vm.Point3D(0.03808805084228516, 0.19384791564941406, 0.45463425699869786)
vm.Point3D(0.03522410202026367, 0.21109030151367186, 0.45463425699869786)
vm.Point3D(0.034992782592773435, 0.21206349182128906, 0.45463425699869786)
vm.Point3D(0.03475240707397461, 0.21288121032714843, 0.45463425699869786)
vm.Point3D(0.03409056854248047, 0.21462547302246093, 0.45463425699869786)
vm.Point3D(0.032803272247314455, 0.21703118896484375, 0.45463425699869786)
vm.Point3D(0.031159225463867186, 0.2192277069091797, 0.45463425699869786)
vm.Point3D(0.029825468063354493, 0.22060514831542968, 0.45463425699869786)
vm.Point3D(0.016556486129760743, 0.22996449279785156, 0.45463425699869786)
vm.Point3D(0.01528004264831543, 0.23079084777832032, 0.45463425699869786)
vm.Point3D(0.013834228515625, 0.23153396606445312, 0.45463425699869786)
vm.Point3D(0.01293502140045166, 0.23190548706054687, 0.45463425699869786)
vm.Point3D(0.012372482299804687, 0.23210536193847656, 0.45463425699869786)
vm.Point3D(0.010871953010559082, 0.23252365112304688, 0.45463425699869786)
vm.Point3D(0.010421835899353027, 0.23261795043945313, 0.45463425699869786)
vm.Point3D(0.009354467391967774, 0.23278622436523438, 0.45463425699869786)
vm.Point3D(0.004968397617340088, 0.23321089172363282, 0.45463425699869786)
vm.Point3D(0.0036235508918762206, 0.23333177185058593, 0.45463425699869786)
vm.Point3D(0.002219841480255127, 0.23344364929199218, 0.45463425699869786)
vm.Point3D(0.001825914740562439, 0.23347267150878906, 0.45463425699869786)
vm.Point3D(0.00043767109513282777, 0.23356747436523437, 0.45463425699869786)
vm.Point3D(6.725972890853882e-05, 0.23359091186523437, 0.45463425699869786)
vm.Point3D(-0.0010554556846618652, 0.2336575469970703, 0.45463425699869786)
vm.Point3D(-0.0025991556644439696, 0.23373916625976562, 0.45463425699869786)
vm.Point3D(-0.004197282314300537, 0.2338126678466797, 0.45463425699869786)
vm.Point3D(-0.004853758335113525, 0.23383990478515626, 0.45463425699869786)
vm.Point3D(-0.005854502201080323, 0.23387832641601564, 0.45463425699869786)
vm.Point3D(-0.007570804119110108, 0.23393612670898437, 0.45463425699869786)
vm.Point3D(-0.00794718599319458, 0.233947509765625, 0.45463425699869786)
vm.Point3D(-0.00964542293548584, 0.23399354553222657, 0.45463425699869786)
