vm.Point3D(-0.014412503242492675, 0.20917469787597656, 0.5518925713433159)
vm.Point3D(-0.014830020904541016, 0.20917469787597656, 0.5518925713433159)
vm.Point3D(-0.014867250442504882, 0.20916864013671874, 0.5518925713433159)
vm.Point3D(-0.01491789150238037, 0.20915078735351564, 0.5518925713433159)
vm.Point3D(-0.014983930587768556, 0.20912020874023438, 0.5518925713433159)
vm.Point3D(-0.01506540584564209, 0.2090765380859375, 0.5518925713433159)
vm.Point3D(-0.015097828865051269, 0.20905795288085938, 0.5518925713433159)
vm.Point3D(-0.015162092208862304, 0.20901962280273437, 0.5518925713433159)
vm.Point3D(-0.01527376651763916, 0.20894932556152343, 0.5518925713433159)
vm.Point3D(-0.0684095458984375, 0.17529786682128906, 0.5518925713433159)
vm.Point3D(-0.06953797912597656, 0.1742315673828125, 0.5518925713433159)
vm.Point3D(-0.07058289337158204, 0.17262928771972658, 0.5518925713433159)
vm.Point3D(-0.07152327728271485, 0.17014346313476564, 0.5518925713433159)
vm.Point3D(-0.08189326477050782, 0.05125698089599609, 0.5518925713433159)
vm.Point3D(-0.08190071105957031, 0.05113463592529297, 0.5518925713433159)
vm.Point3D(-0.08190072631835937, 0.040551631927490235, 0.5518925713433159)
vm.Point3D(-0.0781706314086914, -0.024049318313598633, 0.5518925713433159)
vm.Point3D(-0.07801497650146484, -0.02569255256652832, 0.5518925713433159)
vm.Point3D(-0.07778765106201171, -0.026678009033203123, 0.5518925713433159)
vm.Point3D(-0.07759228515625, -0.027290767669677734, 0.5518925713433159)
vm.Point3D(-0.07717652130126954, -0.028290910720825194, 0.5518925713433159)
vm.Point3D(-0.07691413879394532, -0.028800176620483398, 0.5518925713433159)
vm.Point3D(-0.07630007934570313, -0.029777490615844726, 0.5518925713433159)
vm.Point3D(-0.07599911499023437, -0.030179431915283203, 0.5518925713433159)
vm.Point3D(-0.07518443298339844, -0.03109347915649414, 0.5518925713433159)
vm.Point3D(-0.0748722915649414, -0.0313907413482666, 0.5518925713433159)
vm.Point3D(-0.07386280822753906, -0.032199684143066405, 0.5518925713433159)
vm.Point3D(-0.07356452941894531, -0.03240092086791992, 0.5518925713433159)
vm.Point3D(-0.07237455749511719, -0.03306315994262695, 0.5518925713433159)
vm.Point3D(-0.07211165618896484, -0.03318229675292969, 0.5518925713433159)
vm.Point3D(-0.07076400756835938, -0.033658187866210935, 0.5518925713433159)
vm.Point3D(-0.07055348205566406, -0.03371346282958984, 0.5518925713433159)
vm.Point3D(-0.06907911682128906, -0.03396705627441406, 0.5518925713433159)
vm.Point3D(-0.06283315277099609, -0.03463734817504883, 0.5518925713433159)
vm.Point3D(-0.04592856979370117, -0.034880332946777344, 0.5518925713433159)
vm.Point3D(-0.044329154968261716, -0.034897994995117185, 0.5518925713433159)
vm.Point3D(-0.04267961883544922, -0.03489051818847656, 0.5518925713433159)
vm.Point3D(-0.024329410552978516, -0.03463734817504883, 0.5518925713433159)
vm.Point3D(-0.023099763870239258, -0.03435767364501953, 0.5518925713433159)
vm.Point3D(-0.022379127502441407, -0.034070537567138674, 0.5518925713433159)
vm.Point3D(-0.022186233520507814, -0.033783397674560546, 0.5518925713433159)
vm.Point3D(-0.004832921028137207, 0.19765957641601561, 0.5518925713433159)
vm.Point3D(-0.00484166669845581, 0.19767808532714845, 0.5518925713433159)
vm.Point3D(-0.0143896484375, 0.2091687469482422, 0.5518925713433159)
