vm.Point3D(-0.04846662139892578, 0.2310986633300781, 0.503263414171007)
vm.Point3D(-0.04976668930053711, 0.23109262084960938, 0.503263414171007)
vm.Point3D(-0.051049095153808594, 0.231074462890625, 0.503263414171007)
vm.Point3D(-0.05307814025878906, 0.230958984375, 0.503263414171007)
vm.Point3D(-0.05392906188964844, 0.23086553955078126, 0.503263414171007)
vm.Point3D(-0.05456779479980469, 0.23077867126464843, 0.503263414171007)
vm.Point3D(-0.05585831069946289, 0.230560791015625, 0.503263414171007)
vm.Point3D(-0.05618467712402344, 0.23049658203125, 0.503263414171007)
vm.Point3D(-0.05673602294921875, 0.2303795928955078, 0.503263414171007)
vm.Point3D(-0.05810243225097656, 0.23004283142089843, 0.503263414171007)
vm.Point3D(-0.05833441925048828, 0.22997889709472658, 0.503263414171007)
vm.Point3D(-0.059988433837890626, 0.229464599609375, 0.503263414171007)
vm.Point3D(-0.06055499267578125, 0.2292642364501953, 0.503263414171007)
vm.Point3D(-0.061938220977783204, 0.22872097778320313, 0.503263414171007)
vm.Point3D(-0.06240521240234375, 0.22851969909667968, 0.503263414171007)
vm.Point3D(-0.06420539855957032, 0.227655029296875, 0.503263414171007)
vm.Point3D(-0.06534664916992187, 0.22702987670898436, 0.503263414171007)
vm.Point3D(-0.06566358184814453, 0.2268450469970703, 0.503263414171007)
vm.Point3D(-0.06737169647216797, 0.22575970458984376, 0.503263414171007)
vm.Point3D(-0.0685287857055664, 0.22493269348144532, 0.503263414171007)
vm.Point3D(-0.06901148986816406, 0.22456396484375, 0.503263414171007)
vm.Point3D(-0.07026386260986328, 0.22353684997558593, 0.503263414171007)
vm.Point3D(-0.0714518051147461, 0.22245989990234374, 0.503263414171007)
vm.Point3D(-0.0717796859741211, 0.2221433563232422, 0.503263414171007)
vm.Point3D(-0.07321138763427734, 0.22065200805664062, 0.503263414171007)
vm.Point3D(-0.07408509826660156, 0.219644287109375, 0.503263414171007)
vm.Point3D(-0.07424878692626953, 0.21944631958007813, 0.503263414171007)
vm.Point3D(-0.07553188323974609, 0.2177812042236328, 0.503263414171007)
vm.Point3D(-0.0762947006225586, 0.21668321228027343, 0.503263414171007)
vm.Point3D(-0.07671981048583984, 0.21603048706054687, 0.503263414171007)
vm.Point3D(-0.07716704559326172, 0.215308349609375, 0.503263414171007)
vm.Point3D(-0.07822032165527344, 0.21343899536132813, 0.503263414171007)
vm.Point3D(-0.0782889633178711, 0.21330767822265626, 0.503263414171007)
vm.Point3D(-0.07916773986816407, 0.21149984741210937, 0.503263414171007)
vm.Point3D(-0.07953707122802735, 0.21065728759765626, 0.503263414171007)
vm.Point3D(-0.0799225845336914, 0.20971240234375, 0.503263414171007)
vm.Point3D(-0.08038634490966796, 0.20846788024902344, 0.503263414171007)
vm.Point3D(-0.08106788635253906, 0.2063499755859375, 0.503263414171007)
vm.Point3D(-0.08118404388427734, 0.2059432373046875, 0.503263414171007)
vm.Point3D(-0.08163314056396484, 0.20419023132324218, 0.503263414171007)
vm.Point3D(-0.08207283782958984, 0.2020452423095703, 0.503263414171007)
vm.Point3D(-0.09821524810791016, 0.11216258239746094, 0.503263414171007)
vm.Point3D(-0.09835306549072266, 0.1105, 0.503263414171007)
vm.Point3D(-0.09821604919433594, 0.10884224700927735, 0.503263414171007)
vm.Point3D(-0.08527128601074219, -0.011900876998901367, 0.503263414171007)
vm.Point3D(-0.0850817642211914, -0.013165066719055176, 0.503263414171007)
vm.Point3D(-0.08486532592773438, -0.014181998252868653, 0.503263414171007)
vm.Point3D(-0.08062982940673828, -0.028464700698852537, 0.503263414171007)
vm.Point3D(-0.08037272644042968, -0.02924830436706543, 0.503263414171007)
vm.Point3D(-0.08001869964599609, -0.030077602386474608, 0.503263414171007)
vm.Point3D(-0.07962591552734374, -0.03081819534301758, 0.503263414171007)
vm.Point3D(-0.0791422576904297, -0.03156418418884278, 0.503263414171007)
vm.Point3D(-0.07862100982666016, -0.03223711395263672, 0.503263414171007)
vm.Point3D(-0.078026611328125, -0.03288017272949219, 0.503263414171007)
vm.Point3D(-0.0773885498046875, -0.03346195220947266, 0.503263414171007)
vm.Point3D(-0.07738253021240235, -0.03346730422973633, 0.503263414171007)
vm.Point3D(-0.07670498657226563, -0.033986377716064456, 0.503263414171007)
vm.Point3D(-0.07595642852783203, -0.03446331024169922, 0.503263414171007)
vm.Point3D(-0.07521673583984376, -0.034849849700927735, 0.503263414171007)
vm.Point3D(-0.07438306427001953, -0.035197181701660155, 0.503263414171007)
vm.Point3D(-0.07360618591308593, -0.035444881439208986, 0.503263414171007)
vm.Point3D(-0.07271025848388672, -0.03564661407470703, 0.503263414171007)
vm.Point3D(-0.05546790313720703, -0.037716781616210934, 0.503263414171007)
vm.Point3D(-0.05456600189208984, -0.037815586090087894, 0.503263414171007)
vm.Point3D(-0.05345837020874023, -0.037896827697753904, 0.503263414171007)
vm.Point3D(-0.05217822647094727, -0.037958072662353515, 0.503263414171007)
vm.Point3D(-0.05076395416259766, -0.03799748229980469, 0.503263414171007)
vm.Point3D(-0.04925796890258789, -0.03801387405395508, 0.503263414171007)
vm.Point3D(-0.047705425262451175, -0.03800675582885742, 0.503263414171007)
vm.Point3D(-0.04628578948974609, -0.03797987365722656, 0.503263414171007)
vm.Point3D(-0.04490170288085937, -0.03793421173095703, 0.503263414171007)
vm.Point3D(-0.04358782196044922, -0.03787091064453125, 0.503263414171007)
vm.Point3D(-0.04237705612182617, -0.037791561126708985, 0.503263414171007)
vm.Point3D(-0.04129972076416016, -0.03769814682006836, 0.503263414171007)
vm.Point3D(-0.04038279724121094, -0.037593009948730466, 0.503263414171007)
vm.Point3D(-0.03964923858642578, -0.037478778839111326, 0.503263414171007)
vm.Point3D(0.03303278350830078, 0.18893128967285155, 0.503263414171007)
vm.Point3D(0.03318986892700195, 0.18958311462402344, 0.503263414171007)
vm.Point3D(0.03327482223510742, 0.19025289916992189, 0.503263414171007)
vm.Point3D(0.03328912353515625, 0.1909332733154297, 0.503263414171007)
vm.Point3D(0.03323093414306641, 0.1916163330078125, 0.503263414171007)
vm.Point3D(0.03309851455688476, 0.1922938232421875, 0.503263414171007)
vm.Point3D(0.03289403533935547, 0.19295660400390624, 0.503263414171007)
vm.Point3D(0.03262066650390625, 0.19359532165527343, 0.503263414171007)
vm.Point3D(0.032281593322753904, 0.19420060729980468, 0.503263414171007)
vm.Point3D(0.013561028480529785, 0.22178117370605469, 0.503263414171007)
vm.Point3D(0.012064174652099609, 0.22376095581054686, 0.503263414171007)
vm.Point3D(0.011224823951721192, 0.22466975402832032, 0.503263414171007)
vm.Point3D(0.0103359375, 0.22551785278320313, 0.503263414171007)
vm.Point3D(0.009401870727539062, 0.2262992706298828, 0.503263414171007)
vm.Point3D(0.0036324455738067627, 0.22787921142578124, 0.503263414171007)
vm.Point3D(-0.02456468200683594, 0.2308223114013672, 0.503263414171007)
vm.Point3D(-0.025954723358154297, 0.23093876647949219, 0.503263414171007)
