vm.Point3D(-0.008207533836364746, 0.2508453674316406, 0.2601176283094618),
vm.Point3D(-0.084091064453125, 0.16704635620117186, 0.2601176283094618),
vm.Point3D(-0.08809623718261719, 0.16201771545410157, 0.2601176283094618),
vm.Point3D(-0.09159443664550782, 0.15660951232910156, 0.2601176283094618),
vm.Point3D(-0.09953105926513672, 0.1430395965576172, 0.2601176283094618),
vm.Point3D(-0.09999156951904296, 0.14165376281738282, 0.2601176283094618),
vm.Point3D(-0.10108388519287109, 0.13786744689941408, 0.2601176283094618),
vm.Point3D(-0.1022943344116211, 0.13339891052246095, 0.2601176283094618),
vm.Point3D(-0.10301695251464844, 0.12882789611816406, 0.2601176283094618),
vm.Point3D(-0.1034316177368164, 0.12422869873046875, 0.2601176283094618),
vm.Point3D(-0.10370508575439454, 0.11975404357910156, 0.2601176283094618),
vm.Point3D(-0.10354524993896484, 0.11519697570800781, 0.2601176283094618),
vm.Point3D(-0.10297544097900391, 0.10982662963867187, 0.2601176283094618),
vm.Point3D(-0.1025392303466797, 0.10717151641845703, 0.2601176283094618),
vm.Point3D(-0.10200409698486328, 0.10454054260253906, 0.2601176283094618),
vm.Point3D(-0.10137150573730469, 0.1019366455078125, 0.2601176283094618),
vm.Point3D(-0.10064292907714843, 0.09936270904541016, 0.2601176283094618),
vm.Point3D(-0.0998199005126953, 0.0968216323852539, 0.2601176283094618),
vm.Point3D(-0.09890399932861328, 0.09431640625, 0.2601176283094618),
vm.Point3D(-0.03711124801635742, -0.059255661010742186, 0.2601176283094618),
vm.Point3D(-0.03666657257080078, -0.06018813705444336, 0.2601176283094618),
vm.Point3D(-0.03661773681640625, -0.06027912902832031, 0.2601176283094618),
vm.Point3D(-0.03604153823852539, -0.06109286117553711, 0.2601176283094618),
vm.Point3D(-0.031743526458740234, -0.06654579162597657, 0.2601176283094618),
vm.Point3D(-0.03086210060119629, -0.06740702056884766, 0.2601176283094618),
vm.Point3D(-0.029855182647705078, -0.06803736877441406, 0.2601176283094618),
vm.Point3D(-0.02984282684326172, -0.06804441070556641, 0.2601176283094618),
vm.Point3D(-0.029214427947998046, -0.06835525512695312, 0.2601176283094618),
vm.Point3D(-0.02915687370300293, -0.0683835678100586, 0.2601176283094618),
vm.Point3D(-0.02816290283203125, -0.06875208282470703, 0.2601176283094618),
vm.Point3D(-0.01601919746398926, -0.07303746795654296, 0.2601176283094618),
vm.Point3D(-0.015049818992614747, -0.07336737823486328, 0.2601176283094618),
vm.Point3D(-0.014826391220092773, -0.07343647003173828, 0.2601176283094618),
vm.Point3D(-0.013791533470153808, -0.0735477294921875, 0.2601176283094618),
vm.Point3D(-0.013688020706176758, -0.07355876922607422, 0.2601176283094618),
vm.Point3D(-0.011684782028198242, -0.07364190673828125, 0.2601176283094618),
vm.Point3D(-0.01074007511138916, -0.07354588317871094, 0.2601176283094618),
vm.Point3D(-0.010693093299865723, -0.07354100799560546, 0.2601176283094618),
vm.Point3D(-0.009747095108032226, -0.07325525665283203, 0.2601176283094618),
vm.Point3D(0.07549286651611328, -0.03827386093139649, 0.2601176283094618),
vm.Point3D(0.07594464111328125, -0.03804726409912109, 0.2601176283094618),
vm.Point3D(0.0763506851196289, -0.03774609756469727, 0.2601176283094618),
vm.Point3D(0.07669914245605469, -0.037379138946533205, 0.2601176283094618),
vm.Point3D(0.07695381164550781, -0.037093746185302735, 0.2601176283094618),
vm.Point3D(0.07722650909423828, -0.036680694580078124, 0.2601176283094618),
vm.Point3D(0.07736872100830078, -0.03637439727783203, 0.2601176283094618),
vm.Point3D(0.0775263900756836, -0.03600359344482422, 0.2601176283094618),
vm.Point3D(0.07754278564453125, -0.035962779998779296, 0.2601176283094618),
vm.Point3D(0.07755848693847656, -0.03592169570922851, 0.2601176283094618),
vm.Point3D(0.0776082763671875, -0.03577490234375, 0.2601176283094618),
vm.Point3D(0.0971041488647461, 0.029485403060913087, 0.2601176283094618),
vm.Point3D(0.09790062713623048, 0.0323336067199707, 0.2601176283094618),
vm.Point3D(0.09856843566894531, 0.03556864929199219, 0.2601176283094618),
vm.Point3D(0.09909113311767578, 0.03911087799072266, 0.2601176283094618),
vm.Point3D(0.09945584869384766, 0.042873065948486326, 0.2601176283094618),
vm.Point3D(0.09965361022949219, 0.046762580871582034, 0.2601176283094618),
vm.Point3D(0.09967953491210937, 0.050683643341064455, 0.2601176283094618),
vm.Point3D(0.09953298950195312, 0.054539710998535156, 0.2601176283094618),
vm.Point3D(0.09921759033203124, 0.05823583221435547, 0.2601176283094618),
vm.Point3D(0.0987410888671875, 0.06168099594116211, 0.2601176283094618),
vm.Point3D(0.09811522674560547, 0.06479036712646484, 0.2601176283094618),
vm.Point3D(0.06331784057617187, 0.21443923950195312, 0.2601176283094618),
vm.Point3D(0.06290574645996094, 0.21608450317382813, 0.2601176283094618),
vm.Point3D(0.06269189071655273, 0.21675541687011718, 0.2601176283094618),
vm.Point3D(0.06253605270385743, 0.21719694519042967, 0.2601176283094618),
vm.Point3D(0.06234354019165039, 0.21770094299316406, 0.2601176283094618),
vm.Point3D(0.06169289779663086, 0.21916445922851563, 0.2601176283094618),
vm.Point3D(0.0613367919921875, 0.21985302734375, 0.2601176283094618),
vm.Point3D(0.06043319320678711, 0.22135943603515626, 0.2601176283094618),
vm.Point3D(0.05949412536621094, 0.22266343688964843, 0.2601176283094618),
vm.Point3D(0.05846425247192383, 0.22387586975097656, 0.2601176283094618),
vm.Point3D(0.05762709426879883, 0.22473118591308594, 0.2601176283094618),
vm.Point3D(0.057347785949707034, 0.22499436950683593, 0.2601176283094618),
vm.Point3D(0.056083263397216795, 0.22606521606445312, 0.2601176283094618),
vm.Point3D(0.05604710006713867, 0.22609315490722656, 0.2601176283094618),
vm.Point3D(0.054638179779052734, 0.22708189392089845, 0.2601176283094618),
vm.Point3D(0.05370331573486328, 0.22763909912109376, 0.2601176283094618),
vm.Point3D(0.03403970718383789, 0.2388927764892578, 0.2601176283094618),
vm.Point3D(0.0011959041357040405, 0.25031782531738284, 0.2601176283094618),
vm.Point3D(0.0011366173028945924, 0.25033729553222656, 0.2601176283094618),
vm.Point3D(0.0006921873092651368, 0.25044749450683595, 0.2601176283094618),
vm.Point3D(0.00024115948379039765, 0.25049554443359373, 0.2601176283094618)
